15942777405820
16013338149244
16014848295292
16016155640188
16021504983420
16021540176252
16022298263932
16023713415548
16027756134780
16027858764156
16031458787708
16031466881404
16031469207932
16034171322748
16034921382268
16035642048892
16035642507644
16036283023740
16036973576572
16037009883516
16038525600124
16038575341948
16040322859388
16040327250300
16040378564988
16040400060796
16040403042684
16041518825852
16041522954620
16043325358460
16043347509628
16043355570556
16046087405948
16046456406396
16046485012860
16046485897596
16046502936956
16048207266172
16048214016380
16049638736252
16049640210812
16049643323772
16050247434620
16050280497532
16050291868028
16053453685116
16053818032508
16053882290556
16053962867068
16054574907772
16054621241724
16055916331388
16061818536316
16061835968892
16061838786940